1:(0, 3, 1, 24, 13)
2:[1, 67, 8, 17, 11]
3:[47, 3, 31, 18, 10]
4:[1, 45, 39, 7, 12]
5:[1, 16, 6, 24, 13]
6:[5, 42, 7, 26, 9]
7:[5, 42, 7, 26, 9]
8:[3, 5, 26, 22, 11]
9:[3, 5, 41, 20, 9]
10:[5, 7, 2, 27, 13]
11:[3, 5, 26, 22, 11]
12:[3, 5, 26, 22, 11]
13:[5, 6, 10, 22, 14]
14:[5, 6, 10, 22, 14]
15:[5, 6, 10, 22, 14]
16:[5, 6, 10, 22, 14]
17:[5, 5, 23, 21, 12]
18:[1, 1, 31, 19, 12]
19:[5, 6, 10, 24, 13]
20:[1, 5, 19, 19, 14]
21:[1, 14, 7, 26, 12]
22:[3, 5, 16, 26, 11]
23:[1, 6, 16, 22, 13]
24:[1, 2, 33, 24, 9]
25:[3, 17, 0, 26, 13]
26:[1, 11, 11, 23, 13]
27:[5, 6, 10, 22, 14]
28:[1, 1, 11, 27, 12]
29:[5, 1, 20, 19, 14]
30:[3, 0, 11, 25, 13]
31:[1, 6, 11, 22, 14]
32:[1, 6, 6, 24, 14]
33:[1, 11, 11, 21, 14]
34:[1, 11, 11, 21, 14]
35:[1, 1, 16, 25, 12]
36:[1, 1, 11, 23, 14]
37:[3, 5, 6, 24, 14]
38:[3, 5, 6, 24, 14]
39:[3, 5, 6, 24, 14]
40:[1, 1, 6, 25, 14]
41:[1, 1, 6, 25, 14]
42:[1, 1, 6, 25, 14]
43:[1, 1, 6, 25, 14]
44:[1, 1, 6, 25, 14]
45:[1, 1, 6, 25, 14]
46:[1, 1, 6, 25, 14]
47:[1, 1, 6, 25, 14]
48:[1, 1, 6, 25, 14]
49:[1, 1, 6, 25, 14]
50:[1, 1, 6, 25, 14]
51:[1, 1, 6, 25, 14]
52:[1, 1, 6, 25, 14]
53:[1, 1, 6, 25, 14]
54:[1, 1, 6, 25, 14]
55:[1, 1, 6, 25, 14]
56:[1, 1, 6, 25, 14]
57:[1, 1, 6, 25, 14]
58:[1, 1, 6, 25, 14]
59:[1, 1, 6, 25, 14]
60:[1, 1, 6, 25, 14]
61:[1, 4, 7, 24, 14]
62:[1, 1, 6, 25, 14]
63:[1, 1, 6, 25, 14]
64:[1, 1, 6, 25, 14]
65:[1, 1, 6, 25, 14]
66:[1, 1, 6, 25, 14]
67:[1, 1, 6, 25, 14]
68:[1, 0, 9, 24, 14]
69:[1, 0, 9, 24, 14]
70:[1, 0, 9, 24, 14]
71:[1, 0, 9, 24, 14]
72:[1, 1, 11, 23, 14]
73:[1, 1, 11, 23, 14]
74:[1, 1, 11, 23, 14]
75:[1, 0, 9, 24, 14]
76:[1, 1, 11, 23, 14]
77:[1, 1, 11, 23, 14]
78:[1, 0, 9, 24, 14]
79:[1, 1, 6, 25, 14]
80:[1, 1, 6, 25, 14]
81:[1, 0, 9, 24, 14]
82:[1, 0, 9, 24, 14]
83:[1, 0, 9, 24, 14]
84:[1, 1, 11, 23, 14]
85:[1, 0, 9, 24, 14]
86:[1, 0, 9, 24, 14]
87:[1, 0, 9, 24, 14]
88:[1, 0, 9, 24, 14]
89:[1, 0, 9, 24, 14]
90:[1, 0, 9, 24, 14]
91:[1, 0, 9, 24, 14]
92:[1, 0, 9, 24, 14]
93:[1, 0, 9, 24, 14]
94:[1, 0, 9, 24, 14]
95:[1, 0, 9, 24, 14]
96:[1, 0, 9, 24, 14]
97:[1, 0, 9, 24, 14]
98:[1, 0, 9, 24, 14]
99:[1, 0, 9, 24, 14]
100:[1, 0, 9, 24, 14]
101:[1, 0, 9, 24, 14]
102:[1, 0, 9, 24, 14]
103:[1, 0, 9, 24, 14]
104:[1, 0, 9, 24, 14]
105:[1, 0, 9, 24, 14]
106:[1, 0, 9, 24, 14]
107:[1, 0, 9, 24, 14]
108:[1, 0, 9, 24, 14]
109:[1, 0, 9, 24, 14]
110:[1, 0, 9, 24, 14]
111:[1, 1, 11, 23, 14]
112:[1, 1, 11, 23, 14]
113:[1, 1, 11, 23, 14]
