1:(1, 18, 6, 20, 14)
2:[8, 2, 15, 23, 12]
3:[8, 2, 18, 23, 12]
4:[9, 13, 33, 11, 14]
5:[39, 5, 32, 20, 9]
6:[1, 16, 7, 23, 13]
7:[25, 19, 36, 11, 12]
8:[9, 36, 29, 24, 6]
9:[25, 15, 23, 13, 14]
10:[1, 36, 36, 12, 11]
11:[1, 21, 36, 23, 7]
12:[11, 10, 9, 27, 11]
13:[11, 10, 9, 27, 11]
14:[11, 10, 9, 27, 11]
15:[1, 7, 23, 21, 12]
16:[1, 17, 38, 15, 11]
17:[13, 1, 13, 27, 11]
18:[13, 7, 20, 19, 13]
19:[13, 7, 15, 23, 12]
20:[1, 4, 47, 8, 14]
21:[13, 7, 20, 19, 13]
22:[1, 18, 15, 20, 13]
23:[7, 7, 19, 20, 13]
24:[7, 7, 19, 20, 13]
25:[1, 8, 15, 22, 13]
26:[1, 7, 23, 21, 12]
27:[1, 10, 14, 22, 13]
28:[1, 10, 14, 22, 13]
29:[1, 10, 14, 22, 13]
30:[1, 10, 14, 22, 13]
31:[1, 10, 14, 22, 13]
32:[1, 15, 29, 15, 13]
33:[5, 9, 26, 23, 10]
34:[1, 7, 28, 19, 12]
35:[1, 8, 25, 20, 12]
36:[1, 2, 28, 24, 10]
37:[1, 0, 24, 20, 13]
38:[1, 0, 24, 20, 13]
39:[1, 5, 24, 19, 13]
40:[1, 5, 24, 17, 14]
41:[1, 5, 14, 23, 13]
42:[1, 5, 14, 23, 13]
43:[1, 5, 14, 23, 13]
44:[1, 3, 20, 23, 12]
45:[1, 3, 20, 23, 12]
46:[1, 7, 18, 21, 13]
47:[1, 7, 18, 21, 13]
48:[1, 1, 26, 19, 13]
49:[1, 1, 26, 19, 13]
50:[1, 0, 24, 20, 13]
51:[1, 4, 22, 20, 13]
52:[1, 4, 22, 20, 13]
53:[1, 4, 22, 20, 13]
54:[1, 2, 23, 20, 13]
55:[1, 7, 18, 21, 13]
56:[5, 5, 13, 23, 13]
57:[3, 2, 20, 21, 13]
58:[1, 7, 18, 21, 13]
59:[1, 7, 18, 21, 13]
60:[1, 7, 18, 21, 13]
61:[1, 7, 18, 21, 13]
62:[1, 2, 23, 22, 12]
63:[1, 3, 20, 21, 13]
64:[1, 3, 20, 21, 13]
65:[1, 3, 20, 21, 13]
66:[1, 3, 20, 21, 13]
67:[1, 4, 22, 20, 13]
68:[1, 2, 23, 20, 13]
69:[1, 2, 23, 22, 12]
70:[1, 2, 23, 20, 13]
71:[1, 3, 20, 21, 13]
72:[1, 4, 22, 20, 13]
73:[1, 3, 20, 21, 13]
74:[1, 3, 20, 21, 13]
75:[1, 3, 20, 21, 13]
76:[1, 3, 20, 21, 13]
77:[1, 3, 20, 21, 13]
78:[1, 1, 26, 21, 12]
79:[1, 1, 26, 21, 12]
80:[1, 1, 26, 21, 12]
81:[1, 1, 26, 21, 12]
82:[1, 1, 26, 21, 12]
83:[1, 1, 26, 21, 12]
84:[1, 1, 26, 21, 12]
85:[1, 1, 26, 21, 12]
86:[1, 1, 26, 21, 12]
87:[1, 1, 26, 21, 12]
88:[1, 1, 26, 21, 12]
89:[1, 1, 26, 21, 12]
90:[1, 1, 26, 21, 12]
91:[1, 1, 26, 21, 12]
92:[1, 1, 26, 21, 12]
93:[1, 1, 26, 21, 12]
94:[1, 1, 26, 21, 12]
95:[1, 1, 26, 21, 12]
96:[1, 1, 26, 21, 12]
97:[1, 1, 26, 21, 12]
98:[1, 1, 26, 21, 12]
99:[1, 1, 26, 21, 12]
100:[1, 1, 26, 21, 12]
101:[1, 1, 26, 21, 12]
102:[1, 1, 26, 21, 12]
103:[1, 1, 26, 21, 12]
104:[1, 1, 26, 21, 12]
105:[1, 1, 26, 21, 12]
106:[1, 1, 26, 21, 12]
107:[1, 1, 26, 21, 12]
108:[1, 1, 26, 21, 12]
109:[1, 1, 26, 21, 12]
110:[1, 1, 26, 21, 12]
111:[1, 1, 26, 21, 12]
112:[1, 1, 26, 21, 12]
113:[1, 1, 26, 21, 12]
114:[1, 1, 26, 21, 12]
115:[1, 1, 26, 21, 12]
116:[1, 1, 26, 21, 12]
117:[1, 1, 26, 21, 12]
118:[1, 1, 26, 21, 12]
119:[1, 1, 26, 21, 12]
120:[1, 1, 26, 21, 12]
121:[1, 1, 26, 21, 12]
122:[1, 1, 26, 21, 12]
123:[1, 1, 26, 21, 12]
124:[1, 1, 26, 21, 12]
125:[1, 1, 26, 21, 12]
126:[1, 1, 26, 21, 12]
127:[1, 1, 26, 21, 12]
128:[1, 1, 26, 21, 12]
129:[1, 1, 26, 21, 12]
130:[1, 1, 26, 21, 12]
131:[1, 1, 26, 21, 12]
132:[1, 1, 26, 21, 12]
133:[1, 1, 26, 21, 12]
134:[1, 1, 26, 21, 12]
135:[1, 1, 26, 21, 12]
136:[1, 1, 26, 21, 12]
137:[1, 1, 26, 21, 12]
138:[1, 1, 26, 21, 12]
139:[1, 1, 26, 21, 12]
140:[1, 1, 26, 21, 12]
141:[1, 1, 26, 21, 12]
142:[1, 1, 26, 21, 12]
143:[1, 1, 26, 21, 12]
144:[1, 1, 26, 21, 12]
145:[1, 1, 26, 21, 12]
146:[1, 1, 26, 21, 12]
147:[1, 1, 26, 21, 12]
148:[1, 1, 26, 21, 12]
149:[1, 1, 26, 21, 12]
150:[1, 1, 26, 21, 12]
151:[1, 1, 26, 21, 12]
152:[1, 1, 26, 21, 12]
153:[1, 1, 26, 21, 12]
154:[1, 1, 26, 21, 12]
155:[1, 1, 26, 21, 12]
156:[1, 1, 26, 21, 12]
157:[1, 1, 26, 21, 12]
158:[1, 1, 26, 21, 12]
159:[1, 1, 26, 21, 12]
160:[1, 1, 26, 21, 12]
161:[1, 1, 26, 21, 12]
162:[1, 1, 26, 21, 12]
163:[1, 1, 26, 21, 12]
164:[1, 1, 26, 21, 12]
165:[1, 1, 26, 21, 12]
166:[1, 1, 26, 21, 12]
167:[1, 1, 26, 21, 12]
168:[1, 1, 26, 21, 12]
169:[1, 1, 26, 21, 12]
170:[1, 1, 26, 21, 12]
171:[1, 1, 26, 21, 12]
172:[1, 1, 26, 21, 12]
173:[1, 1, 26, 21, 12]
174:[1, 1, 26, 21, 12]
175:[1, 1, 26, 21, 12]
176:[1, 1, 26, 21, 12]
177:[1, 1, 26, 21, 12]
178:[1, 1, 26, 21, 12]
179:[1, 1, 26, 21, 12]
180:[1, 1, 26, 21, 12]
181:[1, 1, 26, 21, 12]
182:[1, 1, 26, 21, 12]
183:[1, 1, 26, 21, 12]
184:[1, 1, 26, 21, 12]
185:[1, 1, 26, 21, 12]
